Candidate,Optimization Score,Similar Molecule,Distance,DFT Energy,ML Energy,Energy Error,DFT Dipole,ML Dipole,Dipole Error,DFT HOMO,ML HOMO,HOMO Error,DFT LUMO,ML LUMO,LUMO Error,DFT Gap,ML Gap,Gap Error,DFT Polarizability,ML Polarizability,Polarizability Error
1,-22.18,Etanol (CCO),1.2806,-181.8906,-176.8429,2.77,4.2073,4.1068,2.39,-0.2113,-0.1558,26.58,0.1461,0.1725,18.07,0.3574,0.3284,8.12,8.0583,4.3168,46.43
2,-16.93,Benceno (c1ccccc1),0.8118,-1.5260,-12.3921,712.06,3.6101,0.9197,74.52,-0.3522,-0.0890,74.72,0.1317,0.0306,76.76,0.4839,0.1196,75.29,3.0232,-0.2244,107.42
3,-223.72,Bencenosulfonamida,2.7290,-126.8066,-164.0620,29.38,7.1394,5.0458,29.33,-0.2432,-0.2067,15.00,0.0518,0.0294,43.24,0.2951,0.2361,20.00,14.7928,13.5226,8.59
4,-21.76,Isopropanol (CC(C)O),1.4904,-189.7906,-124.7869,34.25,2.0553,1.4402,29.93,-0.1716,-0.0845,50.76,-0.0605,-0.1828,202.15,0.1111,0.0983,11.53,25.0000,16.2974,34.81
5,-17.52,Éter dimetílico (COCC),1.1610,-189.7906,-195.3763,2.94,2.0553,1.5562,24.31,-0.1716,-0.1711,0.29,-0.0605,-0.0945,56.20,0.1111,0.0766,31.02,25.0000,22.9566,8.17
6,-20.01,Acetona (CC(=O)C),1.7508,-189.7906,-212.4452,11.94,2.0553,1.5471,24.73,-0.1716,-0.1691,1.45,-0.0605,-0.1294,113.88,0.1111,0.0396,64.36,25.0000,24.9950,0.02
7,-21.61,Benceno (c1ccccc1),2.7403,-0.8014,-78.4853,9693.46,0.5111,0.1429,72.03,-0.4899,-0.1023,79.12,0.1437,0.0306,78.71,0.6335,0.1329,79.03,0.8148,6.4022,686.97
8,-22.69,Agua (O),1.8347,-45.3901,-52.8698,16.48,3.2426,2.7482,15.30,-0.4742,-0.3808,19.69,0.1138,0.0067,94.08,0.5880,0.3350,43.03,3.0475,19.2738,532.45
9,-13.59,Etanol (CCO),1.3642,-151.1495,-198.9275,31.61,2.3379,2.3464,0.37,-0.1711,-0.1998,16.80,-0.1290,0.0985,176.30,0.0420,0.4542,980.99,17.5000,22.0771,26.15
10,-16.20,Éter dimetílico (COCC),2.0066,-189.7906,-176.8429,6.82,2.0553,2.5609,24.60,-0.1716,-0.1856,8.16,-0.0605,-0.0406,32.89,0.1111,0.1194,7.47,25.0000,21.5701,13.72
11,-21.96,CCO,2.1531,-151.1495,-176.8429,17.00,2.3379,2.8021,19.86,-0.1711,-0.1856,8.49,-0.1290,-0.0406,68.57,0.0420,0.1194,184.25,17.5000,18.3321,4.75
12,-14.89,CC(C)OC,3.0555,-228.3243,-195.3763,14.43,2.4786,2.3880,3.66,-0.1580,-0.3870,144.92,-0.1131,0.0863,176.31,0.0449,0.4894,989.35,32.5000,24.2106,25.51
13,-21.07,c1ccccc1,1.3912,-0.8014,-78.4853,9693.46,0.5111,0.7089,38.69,-0.4899,-0.1069,78.17,0.1437,0.0400,72.17,0.6335,0.1525,75.93,0.8148,6.0167,638.43
14,-25.38,CO,1.6578,-125.2826,-182.5067,45.68,2.8446,2.7278,4.11,-0.2560,-0.1646,35.69,0.0803,-0.0689,185.81,0.3363,0.0753,77.61,4.3642,20.9110,379.15
15,-16.90,CC(C)OC,2.9907,-228.3243,-209.9452,8.05,2.4786,2.5842,4.26,-0.1580,-0.2624,66.04,-0.1131,-0.0519,54.09,0.0449,0.2174,384.01,32.5000,24.8882,23.42
16,-14.00,CO,1.7520,-125.2826,-103.4703,17.41,2.8446,2.4464,14.00,-0.2560,-0.3526,37.74,0.0803,-0.0039,104.82,0.3363,0.2224,33.88,4.3642,15.1048,246.11
17,-14.65,COCC,4.3041,-189.7906,-156.6040,17.49,2.0553,2.0538,0.08,-0.1716,-0.2964,72.73,-0.0605,-0.0401,33.77,0.1111,0.2669,140.14,25.0000,19.7186,21.13
18,-18.97,COCC,1.6575,-189.7906,-54.9341,71.06,2.0553,2.9338,42.74,-0.1716,-0.4616,169.00,-0.0605,0.1151,290.32,0.1111,0.5573,401.53,25.0000,4.6439,81.42
19,-15.15,CCO,1.4776,-151.1495,-198.9275,31.61,2.3379,2.3464,0.37,-0.1711,-0.1998,16.80,-0.1290,0.0985,176.30,0.0420,0.4542,980.99,17.5000,22.0771,26.15
20,-13.13,CCO,1.4479,-151.1495,-192.1653,27.14,2.3379,2.1671,7.30,-0.1711,-0.1948,13.88,-0.1290,0.1073,183.13,0.0420,0.4524,976.68,17.5000,22.5097,28.63
21,-20.06,CCO,1.5853,-151.1495,-204.7097,35.44,2.3379,2.6313,12.55,-0.1711,-0.1875,9.62,-0.1290,0.1050,181.40,0.0420,0.4445,957.89,17.5000,22.6641,29.51
22,-19.63,CC(C)OC,3.6951,-228.3243,-118.9454,47.91,2.4786,2.1312,14.02,-0.1580,-0.3456,118.70,-0.1131,0.1105,197.70,0.0449,0.5270,1073.21,32.5000,11.5894,64.34
23,-21.15,CC(C)OC,3.6652,-228.3243,-188.7202,17.35,2.4786,1.8087,27.03,-0.1580,-0.2634,66.65,-0.1131,0.1001,188.52,0.0449,0.4293,855.73,32.5000,20.8109,35.97
24,,-,,-125.2826,-160.1650,27.84,2.8446,2.3041,19.00,-0.2560,-0.2730,6.65,0.0803,0.0864,7.49,0.3363,0.4461,32.65,4.3642,17.0712,291.17
25,-19.26,c1ccccc1,3.6090,-0.8014,-117.5388,14566.59,0.5111,1.6952,231.65,-0.4899,-0.4244,13.35,0.1437,0.1063,26.05,0.6335,0.5808,8.32,0.8148,12.2467,1403.05
26,-26.99,CCO,1.6506,-151.1495,-180.1528,19.19,2.3379,2.8154,20.43,-0.1711,-0.1859,8.68,-0.1290,-0.0452,64.97,0.0420,0.1149,173.45,17.5000,20.0128,14.36
27,-12.50,CC(C)OC,3.9429,-228.3243,-119.5057,47.66,2.4786,2.3131,6.68,-0.1580,-0.3810,141.07,-0.1131,0.0846,174.77,0.0449,0.4911,993.13,32.5000,14.7667,54.56
28,-21.15,c1ccccc1,1.0550,-0.8014,-87.7038,10843.75,0.5111,0.8348,63.33,-0.4899,-0.1227,74.95,0.1437,0.0345,76.02,0.6335,0.1472,76.77,0.8148,6.2807,670.84
29,-26.76,CC(=O)C,1.2511,-189.7906,-204.0130,7.49,2.0553,2.5976,26.38,-0.1716,-0.1973,15.00,-0.0605,-0.0636,5.08,0.1111,0.1473,32.57,25.0000,28.8863,15.55
30,-16.02,CCO,1.7092,-151.1495,-235.1302,55.56,2.3379,2.5609,9.54,-0.1711,-0.3563,108.27,-0.1290,-0.0162,87.47,0.0420,0.3364,700.53,17.5000,26.6608,52.35
31,-22.91,c1ccccc1,3.6313,-0.8014,-106.9046,13239.65,0.5111,1.4590,185.44,-0.4899,-0.1420,71.01,0.1437,0.0559,61.07,0.6335,0.1553,75.49,0.8148,10.7743,1222.35
32,-26.31,CC(C)O,1.3327,-189.7906,-184.2510,2.92,2.0553,2.5405,23.61,-0.1716,-0.1999,16.52,-0.0605,-0.0217,64.07,0.1111,0.1540,38.56,25.0000,20.1530,19.39
33,-11.42,O,4.4779,-45.3901,-175.4081,286.45,3.2426,3.3711,3.96,-0.4742,-0.3808,19.69,0.1138,0.0067,94.08,0.5880,0.3350,43.03,3.0475,19.2738,532.45
34,-10.61,COCC,1.5089,-189.7906,-92.9109,51.05,2.0553,2.7378,33.20,-0.1716,-0.4449,159.24,-0.0605,0.0025,104.13,0.1111,0.4557,310.06,25.0000,11.3222,54.71
35,-25.02,CCO,1.3804,-151.1495,-216.7419,43.40,2.3379,2.3208,0.73,-0.1711,-0.1770,3.46,-0.1290,0.0841,165.21,0.0420,0.4009,854.24,17.5000,23.9720,36.98
36,-17.63,COCC,1.4626,-189.7906,-175.2716,7.65,2.0553,2.6622,29.53,-0.1716,-0.2687,56.57,-0.0605,0.0955,257.85,0.1111,0.4617,315.48,25.0000,16.6147,33.54
37,-15.94,COCC,1.2790,-189.7906,-153.3234,19.21,2.0553,2.5770,25.38,-0.1716,-0.2891,68.48,-0.0605,-0.0137,77.42,0.1111,0.1781,60.26,25.0000,19.5841,21.66
38,-15.38,COC,1.3925,-151.1495,-120.3388,20.38,2.3379,2.9037,24.20,-0.1711,-0.3435,100.83,-0.1290,0.1052,181.55,0.0420,0.5129,1120.63,17.5000,10.2410,41.48
39,-18.78,CCO,1.5670,-151.1495,-202.1791,33.76,2.3379,2.1729,7.06,-0.1711,-0.1796,5.02,-0.1290,0.0844,165.44,0.0420,0.4097,875.10,17.5000,24.2302,38.46
40,-18.41,COC,1.3383,-151.1495,-188.3681,24.62,2.3379,2.3988,2.61,-0.1711,-0.2240,30.98,-0.1290,0.1015,178.68,0.0420,0.4625,1000.84,17.5000,19.3295,10.45
41,-18.12,COCC,1.4362,-189.7906,-112.4478,40.75,2.0553,2.8550,38.91,-0.1716,-0.3638,112.00,-0.0605,0.1040,271.96,0.1111,0.4890,340.07,25.0000,10.6859,57.26
42,-18.28,CCO,1.3771,-151.1495,-200.5642,32.69,2.3379,2.2427,4.07,-0.1711,-0.1985,16.06,-0.1290,0.0972,175.36,0.0420,0.4472,964.35,17.5000,22.4414,28.24
43,-21.45,CCO,1.6007,-151.1495,-202.6663,34.08,2.3379,2.2615,3.27,-0.1711,-0.1817,6.21,-0.1290,-0.0124,90.37,0.0420,0.1793,326.69,17.5000,27.2685,55.82
44,-17.22,O,2.1277,-45.3901,-52.8698,16.48,3.2426,2.8987,10.61,-0.4742,-0.4580,3.41,0.1138,0.0023,98.01,0.5880,0.2483,57.77,3.0475,10.1277,232.33
45,-10.79,CCO,2.1094,-151.1495,-219.9209,45.50,2.3379,2.4452,4.59,-0.1711,-0.3614,111.29,-0.1290,-0.0428,66.84,0.0420,0.2587,515.77,17.5000,21.7595,24.34
46,-17.87,CO,1.3861,-125.2826,-186.7435,49.06,2.8446,2.1579,24.14,-0.2560,-0.1985,22.45,0.0803,0.1066,32.70,0.3363,0.4703,39.85,4.3642,20.8328,377.36
47,-15.58,COCC,3.4873,-189.7906,-171.4624,9.66,2.0553,2.6238,27.66,-0.1716,-0.2814,64.00,-0.0605,-0.0608,0.48,0.1111,0.2390,115.08,25.0000,20.7488,17.00
48,-22.95,CC(C)O,1.0103,-189.7906,-216.2212,13.93,2.0553,2.2262,8.31,-0.1716,-0.1883,9.75,-0.0605,0.0980,262.02,0.1111,0.4177,275.90,25.0000,22.7786,8.89
49,-18.15,CCO,1.4446,-151.1495,-194.1357,28.44,2.3379,2.3117,1.12,-0.1711,-0.1929,12.76,-0.1290,0.0938,172.71,0.0420,0.4322,928.69,17.5000,23.5624,34.64
50,-14.81,COCC,1.7736,-189.7906,-97.4294,48.66,2.0553,3.0491,48.35,-0.1716,-0.3913,128.01,-0.0605,-0.0171,71.77,0.1111,0.1875,68.72,25.0000,14.6050,41.58